         1          1          0
         1          1          6
         1          1          9
         2          2          3
         2          2          6
         3          3          4
         3          3          6
         3          3          7
         3          3          9
         4          4          4
         4          4          6
         4          4          9
         5          5          0
         5          5          3
         5          5          8
         6          6          6
         6          6          7
         6          6          8
         6          6          9
         7          7          0
         7          7          4
         7          7          6
         7          7          8
         7          7          9
         8          8          8
         9          9          3
         9          9          6
         9          9          8
        10         10          0
        10         10          8
        10         10          9
        11         11          5
        11         11          8
        11         11          9
        12         12          5
        13         13          3
        13         13          4
        13         13          7
        13         13          9
        14         14          3
        14         14          7
        14         14          8
        15         15          5
        16         16          5
        16         16          8
        17         17          5
        18         18          0
        18         18          3
        18         18          5
        19         19          3
        19         19          4
        19         19          7
        19         19          8
        19         19          9
        20         20          4
        20         20          7
        20         20          9
        21         21          5
        21         21          6
        21         21          8
        21         21          9
        22         22          6
        23         23          3
        23         23          5
        23         23          9
        24         24          6
        24         24          8
        24         24          9
        25         25          9
        26         26          0
        27         27          5
        28         28          3
        28         28          6
        28         28          7
        29         29          3
        29         29          9
        30         30          0
        30         30          6
        31         31          0
        31         31          3
        31         31          9
        32         32          0
        32         32          3
        32         32          4
        32         32          8
        33         33          3
        33         33          6
        33         33          9
        34         34          0
        34         34          2
        34         34          8
        35         35          0
        35         35          3
        35         35          7
        36         36          3
        36         36          8
        37         37          3
        38         38          3
        38         38          8
        38         38          9
        39         39          1
        39         39          9
        40         40          9
        41         41          3
        41         41          8
        41         41          9
        42         42          0
        42         42          4
        43         43          3
        43         43          7
        43         43          9
        44         44          5
        44         44          7
        44         44          9
        45         45          1
        46         46          9
        47         47          3
        47         47          8
        47         47          9
        48         48          7
        48         48          8
        48         48          9
        49         49          0
        49         49          3
        49         49          8
        50         50          5
        51         51          3
        51         51          5
        51         51          8
        51         51          9
        52         52          0
        52         52          3
        53         53          4
        53         53          8
        53         53          9
        54         54          0
        55         55          0
        55         55          7
        55         55          8
        56         56          9
        57         57          6
        57         57          8
        57         57          9
        58         58          0
        58         58          3
        58         58          9
        59         59          8
        59         59          9
        60         60          0
        60         60          5
        60         60          8
        61         61          3
        61         61          9
        62         62          8
        63         63          0
        63         63          3
        63         63          8
        63         63          9
        64         64          3
        64         64          4
        64         64          5
        64         64          8
        65         65          3
        65         65          8
        66         66          5
        67         67          3
        67         67          9
        68         68          3
        68         68          8
        68         68          9
        69         69          8
        70         70          3
        71         71          3
        72         72          4
        73         73          1
        73         73          7
        74         74          0
        74         74          7
        74         74          8
        75         75          3
        75         75          8
        75         75          9
        76         76          3
        76         76          8
        76         76          9
        77         77          0
        77         77          3
        77         77          4
        77         77          6
        77         77          7
        78         78          7
        78         78          8
        78         78          9
        79         79          3
        79         79          9
        80         80          0
        80         80          3
        80         80          8
        81         81          0
        81         81          3
        81         81          8
        81         81          9
        82         82          6
        82         82          7
        83         83          7
        84         84          5
        84         84          7
        84         84          8
        85         85          3
        85         85          8
        85         85          9
        86         86          8
        86         86          9
        87         87          0
        87         87          9
        88         88          9
        89         89          0
        89         89          8
        90         90          9
        91         91          3
        91         91          5
        91         91          7
        92         92          3
        92         92          6
        93         93          7
        93         93          8
        94         94          9
        95         95          9
        96         96          0
        96         96          8
        97         97          3
        97         97          5
        98         98          5
        98         98          7
        98         98          9
        99         99          9
       100        100          0
       100        100          6
       101        101          3
       101        101          9
       102        102          0
       102        102          3
       102        102          8
       103        103          6
       103        103          7
       103        103          8
       104        104          3
       104        104          4
       105        105          8
       106        106          7
       106        106          8
       106        106          9
       107        107          3
       107        107          8
       107        107          9
       108        108          5
       109        109          0
       109        109          6
       109        109          7
       110        110          7
       110        110          9
       111        111          3
       112        112          0
       112        112          8
       113        113          0
       113        113          7
       113        113          8
       114        114          8
       115        115          0
       115        115          4
       115        115          7
       115        115          8
       116        116          0
       116        116          6
       116        116          8
       116        116          9
       117        117          0
       117        117          5
       118        118          3
       119        119          5
       119        119          8
       119        119          9
       120        120          3
       120        120          8
       121        121          8
       122        122          0
       122        122          3
       122        122          4
       122        122          6
       122        122          8
       123        123          9
       124        124          3
       124        124          4
       124        124          8
       124        124          9
       125        125          3
       125        125          6
       125        125          8
       126        126          0
       126        126          4
       126        126          5
       126        126          8
       127        127          8
       128        128          0
       128        128          7
       128        128          8
       128        128          9
       129        129          4
       129        129          8
       130        130          1
       130        130          6
       130        130          8
       130        130          9
       131        131          5
       131        131          6
       131        131          8
       131        131          9
       132        132          0
       132        132          5
       132        132          7
       133        133          0
       133        133          3
       134        134          3
       135        135          8
       136        136          8
       137        137          0
       137        137          3
       138        138          8
       139        139          8
       139        139          9
       140        140          3
       140        140          6
       140        140          8
       141        141          5
       142        142          3
       142        142          4
       142        142          9
       143        143          3
       143        143          5
       144        144          5
       144        144          8
       145        145          3
       145        145          6
       145        145          9
       146        146          3
       146        146          8
       147        147          7
       147        147          9
       148        148          8
       149        149          7
       150        150          7
       151        151          5
       152        152          1
       152        152          6
       152        152          7
       153        153          9
       154        154          3
       154        154          8
       155        155          0
       155        155          8
       156        156          6
       156        156          8
       156        156          9
       157        157          0
       157        157          3
       157        157          9
       158        158          0
       158        158          8
       159        159          5
       159        159          8
       159        159          9
       160        160          8
       160        160          9
       161        161          6
       162        162          3
       162        162          8
       162        162          9
       163        163          4
       163        163          6
       163        163          9
       164        164          3
       165        165          0
       165        165          4
       165        165          5
       165        165          8
       166        166          8
       167        167          8
       168        168          3
       168        168          4
       169        169          0
       169        169          4
       170        170          3
       170        170          8
       171        171          3
       171        171          8
       172        172          0
       172        172          7
       172        172          8
       173        173          3
       173        173          5
       174        174          7
       174        174          8
       174        174          9
       175        175          5
       175        175          7
       175        175          8
       176        176          3
       176        176          7
       177        177          3
       177        177          9
       178        178          3
       178        178          4
       178        178          6
       178        178          7
       178        178          8
       178        178          9
       179        179          0
       179        179          3
       179        179          4
       180        180          3
       180        180          5
       180        180          7
       180        180          9
       181        181          3
       181        181          5
       181        181          8
       181        181          9
       182        182          1
       182        182          3
       182        182          8
       182        182          9
       183        183          0
       183        183          3
       183        183          7
       183        183          8
       183        183          9
       184        184          0
       184        184          3
       184        184          4
       184        184          8
       185        185          4
       185        185          6
       185        185          7
       185        185          9
       186        186          4
       186        186          8
       187        187          5
       187        187          8
       188        188          3
       188        188          7
       188        188          8
       188        188          9
       189        189          7
       190        190          6
       190        190          8
       191        191          3
       191        191          9
       192        192          0
       192        192          3
       192        192          4
       193        193          3
       193        193          7
       194        194          0
       194        194          8
       194        194          9
       195        195          3
       195        195          6
       196        196          3
       196        196          7
       197        197          0
       198        198          3
       198        198          5
       198        198          6
       199        199          0
       199        199          5
       200        200          6
       201        201          7
       201        201          8
       202        202          6
       203        203          3
       204        204          0
       204        204          3
       204        204          6
       204        204          8
       204        204          9
       205        205          3
       205        205          8
       205        205          9
       206        206          8
       206        206          9
       207        207          0
       207        207          7
       208        208          0
       208        208          9
       209        209          0
       210        210          0
       210        210          3
       210        210          7
       211        211          9
       212        212          3
       212        212          4
       212        212          6
       212        212          8
       213        213          0
       213        213          3
       213        213          7
       214        214          7
       215        215          8
       216        216          8
       216        216          9
       217        217          6
       217        217          7
       218        218          3
       218        218          5
       218        218          8
       218        218          9
       219        219          4
       219        219          8
       220        220          8
       221        221          6
       221        221          7
       221        221          9
       222        222          0
       222        222          3
       222        222          4
       222        222          5
       223        223          3
       223        223          8
       223        223          9
       224        224          0
       224        224          9
       225        225          8
       226        226          4
       226        226          9
       227        227          3
       227        227          8
       228        228          3
       228        228          8
       228        228          9
       229        229          0
       229        229          4
       229        229          6
       229        229          7
       229        229          8
       229        229          9
       230        230          6
       230        230          8
       231        231          0
       231        231          3
       231        231          9
       232        232          5
       232        232          9
       233        233          3
       233        233          6
       233        233          9
       234        234          0
       234        234          5
       234        234          9
       235        235          7
       235        235          9
       236        236          3
       236        236          4
       236        236          9
       237        237          5
       237        237          8
       238        238          7
       239        239          3
       239        239          8
       239        239          9
       240        240          7
       240        240          8
       241        241          3
       241        241          6
       241        241          8
       242        242          0
       243        243          0
       243        243          4
       243        243          8
       243        243          9
       244        244          9
       245        245          0
       245        245          3
       245        245          5
       245        245          9
       246        246          8
       247        247          9
       248        248          0
       248        248          9
       249        249          5
       249        249          9
       250        250          7
       250        250          8
       250        250          9
       251        251          0
       252        252          3
       252        252          9
       253        253          3
       254        254          0
       254        254          6
       255        255          6
       255        255          9
       256        256          0
       256        256          3
       256        256          7
       257        257          0
       257        257          3
       258        258          3
       259        259          8
       259        259          9
       260        260          0
       260        260          4
       261        261          3
       261        261          9
       262        262          0
       262        262          8
       263        263          4
       263        263          5
       264        264          8
       265        265          8
       265        265          9
       266        266          0
       266        266          6
       266        266          7
       267        267          5
       267        267          6
       268        268          3
       269        269          3
       269        269          9
       270        270          0
       270        270          4
       270        270          7
       270        270          9
       271        271          3
       271        271          5
       271        271          9
       272        272          8
       273        273          0
       273        273          7
       273        273          8
       274        274          4
       274        274          8
       275        275          3
       275        275          9
       276        276          5
       276        276          8
       276        276          9
       277        277          0
       277        277          3
       277        277          5
       277        277          7
       278        278          9
       279        279          1
       279        279          7
       279        279          8
       280        280          0
       280        280          8
       280        280          9
       281        281          7
       281        281          8
       281        281          9
       282        282          3
       282        282          8
       282        282          9
       283        283          0
       283        283          9
       284        284          0
       285        285          0
       285        285          4
       285        285          7
       285        285          9
       286        286          3
       286        286          6
       286        286          7
       286        286          8
       287        287          3
       287        287          5
       288        288          0
       288        288          3
       288        288          9
       289        289          5
       290        290          8
       291        291          0
       291        291          3
       292        292          9
       293        293          6
       293        293          8
       294        294          5
       294        294          7
       294        294          8
       294        294          9
       295        295          9
       296        296          8
       296        296          9
       297        297          3
       297        297          9
       298        298          0
       298        298          5
       298        298          8
       298        298          9
       299        299          0
       300        300          0
       300        300          3
       300        300          5
       300        300          6
       301        301          3
       301        301          6
       301        301          8
       302        302          3
       302        302          8
       302        302          9
       303        303          3
       303        303          8
       303        303          9
       304        304          0
       304        304          5
       304        304          8
       305        305          6
       305        305          8
       306        306          5
       306        306          8
       307        307          4
       307        307          9
       308        308          0
       308        308          3
       308        308          8
       309        309          1
       309        309          3
       310        310          0
       310        310          7
       310        310          8
       311        311          1
       311        311          4
       311        311          6
       312        312          7
       313        313          3
       314        314          3
       315        315          4
       315        315          8
       315        315          9
       316        316          0
       316        316          6
       316        316          9
       317        317          3
       317        317          9
       318        318          3
       318        318          7
       318        318          9
       319        319          8
       319        319          9
       320        320          3
       320        320          5
       320        320          8
       321        321          7
       321        321          9
       322        322          3
       323        323          3
       323        323          9
       324        324          3
       324        324          4
       324        324          5
       324        324          9
       325        325          0
       325        325          1
       325        325          4
       326        326          3
       326        326          5
       326        326          8
       326        326          9
       327        327          5
       327        327          8
       328        328          0
       329        329          1
       329        329          3
       329        329          9
       330        330          3
       330        330          9
       331        331          0
       331        331          3
       332        332          0
       332        332          5
       332        332          7
       333        333          6
       333        333          8
       333        333          9
       334        334          0
       334        334          4
       335        335          3
       335        335          6
       335        335          8
       336        336          3
       336        336          8
       336        336          9
       337        337          0
       337        337          3
       337        337          9
       338        338          8
       339        339          8
       340        340          3
       340        340          5
       340        340          9
       341        341          7
       342        342          3
       342        342          4
       342        342          8
       343        343          3
       343        343          4
       343        343          8
       344        344          0
       344        344          3
       345        345          3
       345        345          8
       345        345          9
       346        346          9
       347        347          5
       348        348          3
       348        348          8
       348        348          9
       349        349          3
       349        349          4
       349        349          8
       349        349          9
       350        350          3
       350        350          9
       351        351          4
       351        351          9
       352        352          3
       352        352          6
       352        352          9
       353        353          3
       353        353          4
       353        353          5
       353        353          8
       353        353          9
       354        354          8
       355        355          9
       356        356          3
       356        356          4
       356        356          7
       357        357          6
       357        357          7
       358        358          6
       358        358          9
       359        359          0
       360        360          3
       361        361          0
       361        361          8
       361        361          9
       362        362          8
       363        363          8
       364        364          5
       364        364          7
       365        365          0
       365        365          5
       366        366          4
       366        366          7
       366        366          9
       367        367          0
       368        368          0
       368        368          3
       368        368          9
       369        369          8
       370        370          9
       371        371          8
       372        372          4
       373        373          3
       374        374          0
       374        374          3
       374        374          7
       375        375          5
       375        375          8
       375        375          9
       376        376          0
       376        376          3
       376        376          7
       376        376          8
       376        376          9
       377        377          5
       378        378          3
       378        378          4
       379        379          8
       380        380          7
       380        380          8
       380        380          9
       381        381          8
       381        381          9
       382        382          4
       382        382          5
       382        382          8
       383        383          3
       383        383          6
       383        383          9
       384        384          0
       384        384          3
       384        384          9
       385        385          3
       385        385          8
       385        385          9
       386        386          3
       386        386          6
       386        386          8
       386        386          9
       387        387          0
       387        387          7
       388        388          8
       389        389          2
       389        389          8
       390        390          0
       390        390          3
       390        390          9
       391        391          3
       391        391          7
       391        391          8
       392        392          0
       393        393          0
       393        393          8
       393        393          9
       394        394          0
       394        394          8
       394        394          9
       395        395          9
       396        396          3
       396        396          5
       396        396          8
       396        396          9
       397        397          3
       397        397          5
       397        397          7
       397        397          8
       398        398          0
       398        398          3
       398        398          4
       398        398          7
       398        398          8
       399        399          4
       399        399          5
       399        399          8
       399        399          9
       400        400          3
       400        400          5
       400        400          6
       400        400          9
       401        401          3
       401        401          7
       401        401          8
       402        402          6
       402        402          7
       402        402          8
       403        403          8
       403        403          9
       404        404          5
       405        405          3
       405        405          4
       405        405          8
       406        406          3
       406        406          5
       407        407          3
       408        408          3
       408        408          9
       409        409          8
       410        410          5
       411        411          3
       412        412          0
       412        412          3
       412        412          8
       413        413          5
       414        414          3
       414        414          4
       414        414          8
       415        415          3
       415        415          5
       416        416          6
       416        416          9
       417        417          3
       417        417          9
       418        418          7
       418        418          8
       419        419          3
       419        419          8
       420        420          3
       420        420          4
       421        421          3
       421        421          7
       422        422          3
       422        422          7
       423        423          6
       424        424          0
       424        424          4
       424        424          7
       425        425          6
       425        425          9
       426        426          3
       426        426          7
       426        426          8
       427        427          4
       427        427          8
       427        427          9
       428        428          0
       428        428          3
       428        428          9
       429        429          3
       429        429          5
       429        429          8
       429        429          9
       430        430          0
       430        430          3
       430        430          5
       430        430          9
       431        431          3
       431        431          5
       431        431          9
       432        432          5
       432        432          9
       433        433          3
       434        434          3
       434        434          5
       434        434          9
       435        435          3
       435        435          5
       435        435          7
       435        435          9
       436        436          0
       436        436          3
       436        436          4
       436        436          5
       436        436          8
       436        436          9
       437        437          0
       437        437          3
       437        437          5
       438        438          0
       439        439          0
       439        439          8
       439        439          9
       440        440          5
       440        440          7
       441        441          3
       441        441          6
       442        442          9
       443        443          1
       443        443          3
       443        443          8
       444        444          4
       444        444          7
       445        445          5
       446        446          8
       446        446          9
       447        447          3
       447        447          5
       447        447          8
       448        448          8
       449        449          0
       449        449          3
       449        449          7
       449        449          8
       449        449          9
       450        450          3
       450        450          4
       450        450          6
       450        450          7
       450        450          8
       450        450          9
       451        451          6
       451        451          7
       451        451          9
       452        452          9
       453        453          5
       453        453          7
       453        453          9
       454        454          3
       454        454          4
       454        454          7
       454        454          8
       455        455          3
       455        455          8
       455        455          9
       456        456          8
       457        457          3
       457        457          4
       457        457          7
       458        458          8
       458        458          9
       459        459          3
       460        460          7
       461        461          1
       461        461          7
       461        461          9
       462        462          9
       463        463          8
       464        464          3
       465        465          5
       465        465          8
       466        466          8
       467        467          3
       467        467          7
       467        467          9
       468        468          0
       469        469          1
       469        469          6
       469        469          9
       470        470          3
       470        470          7
       470        470          8
       471        471          3
       472        472          1
       472        472          7
       472        472          9
       473        473          0
       473        473          8
       474        474          0
       474        474          7
       474        474          8
       474        474          9
       475        475          7
       476        476          9
       477        477          0
       478        478          3
       478        478          8
       478        478          9
       479        479          3
       480        480          0
       480        480          3
       481        481          7
       481        481          8
       481        481          9
       482        482          3
       482        482          7
       483        483          3
       483        483          5
       483        483          9
       484        484          8
       484        484          9
       485        485          4
       486        486          3
       486        486          7
       486        486          8
       487        487          3
       487        487          4
       487        487          5
       487        487          7
       487        487          9
       488        488          4
       488        488          8
       488        488          9
       489        489          3
       489        489          5
       490        490          3
       490        490          6
       490        490          8
       490        490          9
       491        491          3
       491        491          5
       491        491          9
       492        492          3
       492        492          8
       493        493          5
       494        494          3
       494        494          4
       494        494          7
       495        495          3
       495        495          7
       495        495          9
       496        496          7
       496        496          9
       497        497          0
       497        497          3
       497        497          5
       497        497          6
       497        497          9
       498        498          8
       499        499          8
       500        500          3
       500        500          8
       501        501          0
       501        501          3
       501        501          8
       502        502          3
       502        502          7
       502        502          8
       503        503          5
       503        503          8
       503        503          9
       504        504          7
       504        504          9
       505        505          0
       505        505          5
       506        506          8
       507        507          3
       507        507          8
       508        508          3
       508        508          9
       509        509          0
       509        509          3
       509        509          9
       510        510          0
       510        510          9
       511        511          9
       512        512          7
       513        513          3
       513        513          5
       513        513          7
       513        513          8
       514        514          8
       515        515          2
       515        515          6
       516        516          3
       516        516          4
       517        517          3
       517        517          8
       518        518          0
       518        518          3
       518        518          7
       518        518          9
       519        519          6
       519        519          8
       519        519          9
       520        520          5
       521        521          8
       522        522          4
       523        523          3
       523        523          6
       523        523          8
       523        523          9
       524        524          0
       525        525          3
       525        525          7
       525        525          9
       526        526          7
       526        526          9
       527        527          3
       527        527          5
       527        527          6
       528        528          0
       528        528          5
       529        529          3
       529        529          9
       530        530          3
       530        530          9
       531        531          3
       531        531          4
       531        531          5
       531        531          8
       532        532          3
       532        532          5
       532        532          9
       533        533          0
       533        533          3
       533        533          5
       534        534          3
       534        534          6
       534        534          8
       535        535          3
       535        535          7
       535        535          8
       536        536          3
       536        536          7
       536        536          8
       536        536          9
       537        537          3
       537        537          4
       537        537          5
       537        537          6
       537        537          8
       538        538          6
       538        538          8
       539        539          3
       539        539          5
       539        539          9
       540        540          3
       540        540          8
       540        540          9
       541        541          0
       541        541          3
       541        541          8
       542        542          8
       542        542          9
       543        543          3
       543        543          4
       543        543          9
       544        544          0
       544        544          3
       544        544          8
       545        545          8
       545        545          9
       546        546          4
       547        547          5
       547        547          9
       548        548          3
       549        549          0
       549        549          1
       549        549          3
       549        549          5
       550        550          0
       550        550          9
       551        551          0
       551        551          8
       552        552          0
       552        552          6
       553        553          4
       553        553          9
       554        554          3
       554        554          4
       554        554          6
       554        554          9
       555        555          9
       556        556          7
       556        556          9
       557        557          7
       557        557          8
       558        558          3
       558        558          5
       558        558          9
       559        559          3
       559        559          5
       560        560          8
       560        560          9
       561        561          3
       561        561          6
       561        561          8
       562        562          3
       563        563          9
       564        564          3
       564        564          6
       564        564          8
       565        565          9
       566        566          8
       567        567          3
       567        567          7
       568        568          4
       568        568          5
       569        569          3
       569        569          9
       570        570          8
       571        571          0
       571        571          3
       571        571          8
       572        572          3
       572        572          5
       572        572          7
       572        572          8
       572        572          9
       573        573          4
       573        573          5
       573        573          8
       573        573          9
       574        574          0
       574        574          3
       575        575          0
       575        575          3
       575        575          5
       575        575          9
       576        576          3
       576        576          4
       577        577          8
       578        578          0
       578        578          4
       578        578          5
       578        578          9
       579        579          3
       579        579          9
       580        580          7
       581        581          3
       582        582          6
       583        583          0
       583        583          5
       583        583          8
       584        584          3
       585        585          0
       585        585          3
       585        585          7
       586        586          9
       587        587          6
       588        588          4
       588        588          5
       588        588          8
       589        589          3
       590        590          8
       590        590          9
