1 0
1 6
1 9
2 3
2 6
3 4
3 6
3 7
3 9
4 4
4 6
4 9
5 0
5 3
5 8
6 6
6 7
6 8
6 9
7 0
7 4
7 6
7 8
7 9
8 8
9 3
9 6
9 8
10 0
10 8
10 9
11 5
11 8
11 9
12 5
13 3
13 4
13 7
13 9
14 3
14 7
14 8
15 5
16 5
16 8
17 5
18 0
18 3
18 5
19 3
19 4
19 7
19 8
19 9
20 4
20 7
20 9
21 5
21 6
21 8
21 9
22 6
23 3
23 5
23 9
24 6
24 8
24 9
25 9
26 0
27 5
28 3
28 6
28 7
29 3
29 9
30 0
30 6
31 0
31 3
31 9
32 0
32 3
32 4
32 8
33 3
33 6
33 9
34 0
34 2
34 8
35 0
35 3
35 7
36 3
36 8
37 3
38 3
38 8
38 9
39 1
39 9
40 9
41 3
41 8
41 9
42 0
42 4
43 3
43 7
43 9
44 5
44 7
44 9
45 1
46 9
47 3
47 8
47 9
48 7
48 8
48 9
49 0
49 3
49 8
50 5
51 3
51 5
51 8
51 9
52 0
52 3
53 4
53 8
53 9
54 0
55 0
55 7
55 8
56 9
57 6
57 8
57 9
58 0
58 3
58 9
59 8
59 9
60 0
60 5
60 8
61 3
61 9
62 8
63 0
63 3
63 8
63 9
64 3
64 4
64 5
64 8
65 3
65 8
66 5
67 3
67 9
68 3
68 8
68 9
69 8
70 3
71 3
72 4
73 1
73 7
74 0
74 7
74 8
75 3
75 8
75 9
76 3
76 8
76 9
77 0
77 3
77 4
77 6
77 7
78 7
78 8
78 9
79 3
79 9
80 0
80 3
80 8
81 0
81 3
81 8
81 9
82 6
82 7
83 7
84 5
84 7
84 8
85 3
85 8
85 9
86 8
86 9
87 0
87 9
88 9
89 0
89 8
90 9
91 3
91 5
91 7
92 3
92 6
93 7
93 8
94 9
95 9
96 0
96 8
97 3
97 5
98 5
98 7
98 9
99 9
100 0
100 6
101 3
101 9
102 0
102 3
102 8
103 6
103 7
103 8
104 3
104 4
105 8
106 7
106 8
106 9
107 3
107 8
107 9
108 5
109 0
109 6
109 7
110 7
110 9
111 3
112 0
112 8
113 0
113 7
113 8
114 8
115 0
115 4
115 7
115 8
116 0
116 6
116 8
116 9
117 0
117 5
118 3
119 5
119 8
119 9
120 3
120 8
121 8
122 0
122 3
122 4
122 6
122 8
123 9
124 3
124 4
124 8
124 9
125 3
125 6
125 8
126 0
126 4
126 5
126 8
127 8
128 0
128 7
128 8
128 9
129 4
129 8
130 1
130 6
130 8
130 9
131 5
131 6
131 8
131 9
132 0
132 5
132 7
133 0
133 3
134 3
135 8
136 8
137 0
137 3
138 8
139 8
139 9
140 3
140 6
140 8
141 5
142 3
142 4
142 9
143 3
143 5
144 5
144 8
145 3
145 6
145 9
146 3
146 8
147 7
147 9
148 8
149 7
150 7
151 5
152 1
152 6
152 7
153 9
154 3
154 8
155 0
155 8
156 6
156 8
156 9
157 0
157 3
157 9
158 0
158 8
159 5
159 8
159 9
160 8
160 9
161 6
162 3
162 8
162 9
163 4
163 6
163 9
164 3
165 0
165 4
165 5
165 8
166 8
167 8
168 3
168 4
169 0
169 4
170 3
170 8
171 3
171 8
172 0
172 7
172 8
173 3
173 5
174 7
174 8
174 9
175 5
175 7
175 8
176 3
176 7
177 3
177 9
178 3
178 4
178 6
178 7
178 8
178 9
179 0
179 3
179 4
180 3
180 5
180 7
180 9
181 3
181 5
181 8
181 9
182 1
182 3
182 8
182 9
183 0
183 3
183 7
183 8
183 9
184 0
184 3
184 4
184 8
185 4
185 6
185 7
185 9
186 4
186 8
187 5
187 8
188 3
188 7
188 8
188 9
189 7
190 6
190 8
191 3
191 9
192 0
192 3
192 4
193 3
193 7
194 0
194 8
194 9
195 3
195 6
196 3
196 7
197 0
198 3
198 5
198 6
199 0
199 5
200 6
201 7
201 8
202 6
203 3
204 0
204 3
204 6
204 8
204 9
205 3
205 8
205 9
206 8
206 9
207 0
207 7
208 0
208 9
209 0
210 0
210 3
210 7
211 9
212 3
212 4
212 6
212 8
213 0
213 3
213 7
214 7
215 8
216 8
216 9
217 6
217 7
218 3
218 5
218 8
218 9
219 4
219 8
220 8
221 6
221 7
221 9
222 0
222 3
222 4
222 5
223 3
223 8
223 9
224 0
224 9
225 8
226 4
226 9
227 3
227 8
228 3
228 8
228 9
229 0
229 4
229 6
229 7
229 8
229 9
230 6
230 8
231 0
231 3
231 9
232 5
232 9
233 3
233 6
233 9
234 0
234 5
234 9
235 7
235 9
236 3
236 4
236 9
237 5
237 8
238 7
239 3
239 8
239 9
240 7
240 8
241 3
241 6
241 8
242 0
243 0
243 4
243 8
243 9
244 9
245 0
245 3
245 5
245 9
246 8
247 9
248 0
248 9
249 5
249 9
250 7
250 8
250 9
251 0
252 3
252 9
253 3
254 0
254 6
255 6
255 9
256 0
256 3
256 7
257 0
257 3
258 3
259 8
259 9
260 0
260 4
261 3
261 9
262 0
262 8
263 4
263 5
264 8
265 8
265 9
266 0
266 6
266 7
267 5
267 6
268 3
269 3
269 9
270 0
270 4
270 7
270 9
271 3
271 5
271 9
272 8
273 0
273 7
273 8
274 4
274 8
275 3
275 9
276 5
276 8
276 9
277 0
277 3
277 5
277 7
278 9
279 1
279 7
279 8
280 0
280 8
280 9
281 7
281 8
281 9
282 3
282 8
282 9
283 0
283 9
284 0
285 0
285 4
285 7
285 9
286 3
286 6
286 7
286 8
287 3
287 5
288 0
288 3
288 9
289 5
290 8
291 0
291 3
292 9
293 6
293 8
294 5
294 7
294 8
294 9
295 9
296 8
296 9
297 3
297 9
298 0
298 5
298 8
298 9
299 0
300 0
300 3
300 5
300 6
301 3
301 6
301 8
302 3
302 8
302 9
303 3
303 8
303 9
304 0
304 5
304 8
305 6
305 8
306 5
306 8
307 4
307 9
308 0
308 3
308 8
309 1
309 3
310 0
310 7
310 8
311 1
311 4
311 6
312 7
313 3
314 3
315 4
315 8
315 9
316 0
316 6
316 9
317 3
317 9
318 3
318 7
318 9
319 8
319 9
320 3
320 5
320 8
321 7
321 9
322 3
323 3
323 9
324 3
324 4
324 5
324 9
325 0
325 1
325 4
326 3
326 5
326 8
326 9
327 5
327 8
328 0
329 1
329 3
329 9
330 3
330 9
331 0
331 3
332 0
332 5
332 7
333 6
333 8
333 9
334 0
334 4
335 3
335 6
335 8
336 3
336 8
336 9
337 0
337 3
337 9
338 8
339 8
340 3
340 5
340 9
341 7
342 3
342 4
342 8
343 3
343 4
343 8
344 0
344 3
345 3
345 8
345 9
346 9
347 5
348 3
348 8
348 9
349 3
349 4
349 8
349 9
350 3
350 9
351 4
351 9
352 3
352 6
352 9
353 3
353 4
353 5
353 8
353 9
354 8
355 9
356 3
356 4
356 7
357 6
357 7
358 6
358 9
359 0
360 3
361 0
361 8
361 9
362 8
363 8
364 5
364 7
365 0
365 5
366 4
366 7
366 9
367 0
368 0
368 3
368 9
369 8
370 9
371 8
372 4
373 3
374 0
374 3
374 7
375 5
375 8
375 9
376 0
376 3
376 7
376 8
376 9
377 5
378 3
378 4
379 8
380 7
380 8
380 9
381 8
381 9
382 4
382 5
382 8
383 3
383 6
383 9
384 0
384 3
384 9
385 3
385 8
385 9
386 3
386 6
386 8
386 9
387 0
387 7
388 8
389 2
389 8
390 0
390 3
390 9
391 3
391 7
391 8
392 0
393 0
393 8
393 9
394 0
394 8
394 9
395 9
396 3
396 5
396 8
396 9
397 3
397 5
397 7
397 8
398 0
398 3
398 4
398 7
398 8
399 4
399 5
399 8
399 9
400 3
400 5
400 6
400 9
401 3
401 7
401 8
402 6
402 7
402 8
403 8
403 9
404 5
405 3
405 4
405 8
406 3
406 5
407 3
408 3
408 9
409 8
410 5
411 3
412 0
412 3
412 8
413 5
414 3
414 4
414 8
415 3
415 5
416 6
416 9
417 3
417 9
418 7
418 8
419 3
419 8
420 3
420 4
421 3
421 7
422 3
422 7
423 6
424 0
424 4
424 7
425 6
425 9
426 3
426 7
426 8
427 4
427 8
427 9
428 0
428 3
428 9
429 3
429 5
429 8
429 9
430 0
430 3
430 5
430 9
431 3
431 5
431 9
432 5
432 9
433 3
434 3
434 5
434 9
435 3
435 5
435 7
435 9
436 0
436 3
436 4
436 5
436 8
436 9
437 0
437 3
437 5
438 0
439 0
439 8
439 9
440 5
440 7
441 3
441 6
442 9
443 1
443 3
443 8
444 4
444 7
445 5
446 8
446 9
447 3
447 5
447 8
448 8
449 0
449 3
449 7
449 8
449 9
450 3
450 4
450 6
450 7
450 8
450 9
451 6
451 7
451 9
452 9
453 5
453 7
453 9
454 3
454 4
454 7
454 8
455 3
455 8
455 9
456 8
457 3
457 4
457 7
458 8
458 9
459 3
460 7
461 1
461 7
461 9
462 9
463 8
464 3
465 5
465 8
466 8
467 3
467 7
467 9
468 0
469 1
469 6
469 9
470 3
470 7
470 8
471 3
472 1
472 7
472 9
473 0
473 8
474 0
474 7
474 8
474 9
475 7
476 9
477 0
478 3
478 8
478 9
479 3
480 0
480 3
481 7
481 8
481 9
482 3
482 7
483 3
483 5
483 9
484 8
484 9
485 4
486 3
486 7
486 8
487 3
487 4
487 5
487 7
487 9
488 4
488 8
488 9
489 3
489 5
490 3
490 6
490 8
490 9
491 3
491 5
491 9
492 3
492 8
493 5
494 3
494 4
494 7
495 3
495 7
495 9
496 7
496 9
497 0
497 3
497 5
497 6
497 9
498 8
499 8
500 3
500 8
501 0
501 3
501 8
502 3
502 7
502 8
503 5
503 8
503 9
504 7
504 9
505 0
505 5
506 8
507 3
507 8
508 3
508 9
509 0
509 3
509 9
510 0
510 9
511 9
512 7
513 3
513 5
513 7
513 8
514 8
515 2
515 6
516 3
516 4
517 3
517 8
518 0
518 3
518 7
518 9
519 6
519 8
519 9
520 5
521 8
522 4
523 3
523 6
523 8
523 9
524 0
525 3
525 7
525 9
526 7
526 9
527 3
527 5
527 6
528 0
528 5
529 3
529 9
530 3
530 9
531 3
531 4
531 5
531 8
532 3
532 5
532 9
533 0
533 3
533 5
534 3
534 6
534 8
535 3
535 7
535 8
536 3
536 7
536 8
536 9
537 3
537 4
537 5
537 6
537 8
538 6
538 8
539 3
539 5
539 9
540 3
540 8
540 9
541 0
541 3
541 8
542 8
542 9
543 3
543 4
543 9
544 0
544 3
544 8
545 8
545 9
546 4
547 5
547 9
548 3
549 0
549 1
549 3
549 5
550 0
550 9
551 0
551 8
552 0
552 6
553 4
553 9
554 3
554 4
554 6
554 9
555 9
556 7
556 9
557 7
557 8
558 3
558 5
558 9
559 3
559 5
560 8
560 9
561 3
561 6
561 8
562 3
563 9
564 3
564 6
564 8
565 9
566 8
567 3
567 7
568 4
568 5
569 3
569 9
570 8
571 0
571 3
571 8
572 3
572 5
572 7
572 8
572 9
573 4
573 5
573 8
573 9
574 0
574 3
575 0
575 3
575 5
575 9
576 3
576 4
577 8
578 0
578 4
578 5
578 9
579 3
579 9
580 7
581 3
582 6
583 0
583 5
583 8
584 3
585 0
585 3
585 7
586 9
587 6
588 4
588 5
588 8
589 3
590 8
590 9
